0 0 1
0 1 7
1 0 2
1 1 8
1 2 7
1 3 0
2 0 3
2 1 9
2 2 8
2 3 1
3 0 4
3 1 10
3 2 9
3 3 2
4 0 5
4 1 11
4 2 10
4 3 3
5 0 6
5 1 12
5 2 11
5 3 4
7 0 8
7 1 14
7 2 13
7 4 0
7 5 1
8 0 9
8 1 15
8 2 14
8 3 7
8 4 1
8 5 2
9 0 10
9 1 16
9 2 15
9 3 8
9 4 2
9 5 3
10 0 11
10 1 17
10 2 16
10 3 9
10 4 3
10 5 4
11 0 12
11 1 18
11 2 17
11 3 10
11 4 4
11 5 5
12 1 19
12 2 18
12 3 11
12 4 5
12 5 6
13 0 14
13 1 20
13 5 7
14 0 15
14 1 21
14 2 20
14 3 13
14 4 7
14 5 8
15 0 16
15 1 22
15 2 21
15 3 14
15 4 8
15 5 9
16 0 17
16 1 23
16 2 22
16 3 15
16 4 9
16 5 10
17 0 18
17 1 24
17 2 23
17 3 16
17 4 10
17 5 11
18 0 19
18 1 25
18 2 24
18 3 17
18 4 11
18 5 12
19 2 25
19 3 18
19 4 12
20 0 21
20 1 27
20 2 26
20 4 13
20 5 14
21 0 22
21 1 28
21 2 27
21 3 20
21 4 14
21 5 15
22 0 23
22 1 29
22 2 28
22 3 21
22 4 15
22 5 16
23 0 24
23 1 30
23 2 29
23 3 22
23 4 16
23 5 17
24 0 25
24 1 31
24 2 30
24 3 23
24 4 17
24 5 18
25 1 32
25 2 31
25 3 24
25 4 18
25 5 19
26 0 27
26 5 20
27 0 28
27 3 26
27 4 20
27 5 21
28 0 29
28 3 27
28 4 21
28 5 22
29 0 30
29 3 28
29 4 22
29 5 23
30 0 31
30 3 29
30 4 23
30 5 24
31 0 32
31 3 30
31 4 24
31 5 25
32 3 31
31 4 25